Haxaprotic acid
30 2 7 0 0 0  0
L
H
25 0 0    
-6 1
-13.77  0 -1 0   0
10      1 1  1   0
8       1 2  1   1 2 
6       1 3  1   2 2 3
4       1 4  1   3 2 3 4
3       1 5  1   4 2 3 4 5
2       1 6  1   5 2 3 4 5 6 
tit1
1 0
0.005  0  0
.030 -0.1  0
.20    0.1 .1
25.0 .005
405.0 .15 -64 0 0 0 0 0 0
0.00 265.6 0
0.12 263.5 0
0.24 261.4 0
0.36 259.1 0
0.48 256.7 0
0.60 254.2 0
0.72 251.6 0
0.84 248.8 0
0.96 245.9 0
1.08 242.9 0
1.20 239.7 0
1.32 236.3 0
1.44 232.8 0
1.56 229.1 0
1.68 225.2 0
1.80 221.1 0
1.92 216.9 0
2.04 212.4 0
2.16 207.8 0
2.28 203.0 0
2.40 197.9 0
2.52 192.7 0
2.64 187.2 0
2.76 181.5 0
2.88 175.5 0
3.00 169.2 0
3.12 162.4 0
3.24 155.0 0
3.36 146.7 0
3.48 137.1 0
3.60 125.6 0
3.72 112.2 0
3.84 98.0 0
3.96 84.9 0
4.08 73.6 0
4.20 63.6 0
4.32 54.2 0
4.44 45.1 0
4.56 35.7 0
4.68 25.5 0
4.80 14.0 0
4.92 0.6 0
5.04 -14.0 0
5.16 -27.9 0
5.28 -40.1 0
5.40 -50.6 0
5.52 -60.2 0
5.64 -69.4 0
5.76 -78.6 0
5.88 -88.4 0
6.00 -99.2 0
6.12 -111.6 0
6.24 -125.6 0
6.36 -139.7 0
6.48 -152.3 0
6.60 -163.0 0
6.72 -172.5 0
6.84 -181.1 0
6.96 -189.3 0
7.08 -197.2 0
7.20 -205.1 0
7.32 -212.9 0
7.44 -220.4 0
7.56 -227.5 0
7.68 -234.0 0
7.80 -239.7 0
7.92 -244.8 0
8.04 -249.2 0
8.16 -253.0 0
8.28 -256.5 0
8.40 -259.5 0
8.52 -262.3 0
8.64 -264.8 0
8.76 -267.1 0
8.88 -269.1 0
9.00 -271.0 0
9.12 -272.9 0
9.24 -274.5 0
9.36 -276.0 0
9.48 -277.5 0
9.72 -280.2 0
10.0 -283.7 0
10.32 -285.8 0
10.56 -287.6 0
10.80 -289.4 0
10.92 -290.2 0
11.28 -292.5 0
11.64 -294.6 0
12.00 -296.5 1
tit1b
1 0        
0.005  0  0
.030 -0.1  0
.20    0.1 .1
25.0 .005
405.0 .15 -64 0 0 0 0 0 0
0.00 265.2 0
0.12 263.2 0
0.24 261.0 0
0.36 258.7 0
0.48 256.3 0
0.60 253.8 0
0.72 251.2 0
0.84 248.4 0
0.96 245.5 0
1.08 242.5 0
1.20 239.3 0
1.32 235.9 0
1.44 232.4 0
1.56 228.6 0
1.68 224.8 0
1.80 220.7 0
1.92 216.4 0
2.04 212.0 0
2.16 207.4 0
2.28 202.5 0
2.40 197.5 0
2.52 192.2 0
2.64 186.7 0
2.76 181.0 0
2.88 175.0 0
3.00 168.6 0
3.12 161.9 0
3.24 154.5 0
3.36 146.1 0
3.48 136.5 0
3.60 125.0 0
3.72 111.5 0
3.84 97.3 0
3.96 84.2 0
4.08 72.9 0
4.20 62.8 0
4.32 53.4 0
4.44 44.2 0
4.56 34.8 0
4.68 24.6 0
4.80 13.0 0
4.92 -0.4 0
5.04 -15.0 0
5.16 -29.0 0
5.28 -41.1 0
5.40 -51.7 0
5.52 -61.3 0
5.64 -70.5 0
5.76 -79.8 0
5.88 -89.6 0
6.00 -100.4 0
6.12 -112.9 0
6.24 -126.9 0
6.36 -141.0 0
6.48 -153.6 0
6.60 -164.3 0
6.72 -173.8 0
6.84 -182.5 0
6.96 -190.7 0
7.08 -198.7 0
7.20 -206.6 0
7.32 -214.3 0
7.44 -221.9 0
7.56 -229.0 0
7.68 -235.5 0
7.80 -241.3 0
7.92 -246.3 0
8.04 -250.7 0
8.16 -254.6 0
8.28 -258.0 0
8.40 -261.1 0
8.52 -263.8 0
8.64 -266.3 0
8.76 -268.6 0
8.88 -270.7 0
9.00 -272.6 0
9.12 -274.5 0
9.24 -276.1 0
9.36 -277.7 0
9.48 -279.1 0
9.72 -281.8 0
9.84 -283.1 0
10.08 -285.3 0
10.44 -288.4 0
10.56 -289.3 0
10.68 -290.2 0
11.04 -292.7 0
11.52 -295.6 1
tit2
1 0
0.002  0  0
.012 -0.1  0
.20    0.1 .1
25.0 .005
405.0 .15 -64 0 0 0 0 0 0
0.000 248.8 0
0.070 246.4 0
0.140 243.8 0
0.210 241.1 0
0.280 238.1 0
0.350 234.9 0
0.420 231.5 0
0.490 227.8 0
0.560 223.8 0
0.630 219.5 0
0.700 214.8 0
0.770 209.7 0
0.840 204.2 0
0.910 198.2 0
0.980 191.7 0
1.050 184.6 0
1.120 176.9 0
1.190 168.5 0
1.260 159.1 0
1.330 148.1 0
1.400 134.5 0
1.470 116.8 0
1.540 96.6 0
1.610 78.5 0
1.680 63.5 0
1.750 50.0 0
1.820 36.4 0
1.890 21.3 0
1.960 2.9 0
2.030 -18.2 0
2.100 -37.2 0
2.170 -52.7 0
2.240 -66.3 0
2.310 -79.7 0
2.380 -94.4 0
2.450 -111.8 0
2.520 -131.9 0
2.590 -150.3 0
2.660 -164.9 0
2.730 -177.0 0
2.800 -187.5 0
2.870 -197.2 0
2.940 -206.0 0
3.010 -214.1 0
3.080 -221.2 0
3.150 -227.5 0
3.220 -232.9 0
3.290 -237.7 0
3.360 -241.8 0
3.430 -245.4 0
3.500 -248.6 0
3.570 -251.5 0
3.640 -254.2 0
3.710 -256.5 0
3.780 -258.7 0
3.850 -260.7 0
3.920 -262.6 0
3.990 -264.3 0
4.060 -265.9 0
4.130 -267.5 0
4.200 -268.9 0
4.270 -270.3 0
4.340 -271.5 0
4.410 -272.7 0
4.480 -273.9 0
4.620 -276.0 0
4.760 -278.0 0
4.970 -280.7 0
5.180 -283.1 0
5.390 -285.3 0
5.600 -287.2 0
5.950 -290.1 0
6.230 -292.3 0
6.580 -294.6 1
tit2b
1 0
0.002  0  0
.012 -0.1  0
.20    0.1 .1
25.0 .005
405.0 .15 -64 0 0 0 0 0 0
0.000 248.7 0
0.070 246.3 0
0.140 243.7 0
0.210 241.0 0
0.280 238.0 0
0.350 234.8 0
0.420 231.4 0
0.490 227.7 0
0.560 223.7 0
0.630 219.3 0
0.700 214.7 0
0.770 209.6 0
0.840 204.0 0
0.910 198.0 0
0.980 191.5 0
1.050 184.5 0
1.120 176.8 0
1.190 168.4 0
1.260 158.9 0
1.330 147.9 0
1.400 134.3 0
1.470 116.6 0
1.540 96.4 0
1.610 78.3 0
1.680 63.3 0
1.750 49.7 0
1.820 36.2 0
1.890 21.1 0
1.960 2.7 0
2.030 -18.5 0
2.100 -37.5 0
2.170 -53.0 0
2.240 -66.6 0
2.310 -80.0 0
2.380 -94.7 0
2.450 -112.2 0
2.520 -132.2 0
2.590 -150.7 0
2.660 -165.3 0
2.730 -177.4 0
2.800 -187.9 0
2.870 -197.6 0
2.940 -206.4 0
3.010 -214.5 0
3.080 -221.6 0
3.150 -227.9 0
3.220 -233.4 0
3.290 -238.1 0
3.360 -242.2 0
3.430 -245.8 0
3.500 -249.0 0
3.570 -251.9 0
3.640 -254.6 0
3.710 -257.0 0
3.780 -259.2 0
3.850 -261.2 0
3.920 -263.0 0
3.990 -264.7 0
4.060 -266.4 0
4.130 -267.9 0
4.200 -269.3 0
4.270 -270.7 0
4.340 -272.0 0
4.410 -273.2 0
4.480 -274.3 0
4.550 -275.4 0
4.620 -276.5 0
4.690 -277.5 0
4.760 -278.5 0
4.830 -279.4 0
4.900 -280.3 0
5.110 -282.8 0
5.320 -285.0 0
5.530 -287.0 0
5.740 -288.9 0
5.950 -290.6 0
6.230 -292.7 0
6.440 -294.2 1
tit3
1 0
0.004  0  0
.024 -0.1  0
.20    0.1 .1
25.0 .005
405.0 .15 -64 0 0 0 0 0 0
0.000 261.6 0
0.090 259.8 0
0.180 257.9 0
0.270 255.9 0
0.360 253.8 0
0.450 251.6 0
0.540 249.4 0
0.630 247.0 0
0.720 244.4 0
0.810 241.8 0
0.900 239.1 0
0.990 236.2 0
1.080 233.2 0
1.170 230.0 0
1.260 226.7 0
1.350 223.2 0
1.440 219.5 0
1.530 215.7 0
1.620 211.7 0
1.710 207.6 0
1.800 203.2 0
1.890 198.6 0
1.980 193.9 0
2.070 189.0 0
2.160 183.9 0
2.250 178.5 0
2.340 172.8 0
2.430 166.8 0
2.520 160.4 0
2.610 153.3 0
2.700 145.4 0
2.790 136.3 0
2.880 125.5 0
2.970 113.0 0
3.060 99.7 0
3.150 87.3 0
3.240 76.3 0
3.330 66.6 0
3.420 57.7 0
3.510 49.0 0
3.600 40.4 0
3.690 31.3 0
3.780 21.3 0
3.870 10.0 0
3.960 -3.0 0
4.050 -16.8 0
4.140 -29.5 0
4.230 -40.8 0
4.320 -50.6 0
4.410 -59.6 0
4.500 -68.2 0
4.590 -76.9 0
4.680 -85.9 0
4.770 -95.6 0
4.860 -106.7 0
4.950 -119.3 0
5.040 -132.6 0
5.130 -145.2 0
5.220 -156.2 0
5.310 -165.7 0
5.400 -174.2 0
5.490 -182.0 0
5.580 -189.5 0
5.670 -196.7 0
5.760 -203.8 0
5.850 -210.7 0
5.940 -217.3 0
6.030 -223.6 0
6.120 -229.4 0
6.210 -234.6 0
6.300 -239.4 0
6.390 -243.5 0
6.480 -247.2 0
6.570 -250.6 0
6.660 -253.6 0
6.750 -256.3 0
6.840 -258.8 0
6.930 -261.0 0
7.020 -263.1 0
7.110 -265.0 0
7.200 -266.8 0
7.290 -268.5 0
7.380 -270.1 0
7.560 -273.0 0
7.740 -275.5 0
7.920 -277.8 0
8.010 -278.9 0
8.280 -281.8 0
8.460 -283.6 0
8.640 -285.3 0
8.910 -287.5 0
9.000 -288.2 1
tit3b
1 0
0.004  0  0
.024 -0.1  0
.20    0.1 .1
25.0 .005
405.0 .15 -64 0 0 0 0 0 0
0.000 261.7 0
0.090 259.9 0
0.180 258.0 0
0.270 256.0 0
0.360 253.9 0
0.450 251.8 0
0.540 249.5 0
0.630 247.1 0
0.720 244.6 0
0.810 242.0 0
0.900 239.3 0
0.990 236.4 0
1.080 233.4 0
1.170 230.2 0
1.260 226.9 0
1.350 223.4 0
1.440 219.7 0
1.530 215.9 0
1.620 211.9 0
1.710 207.8 0
1.800 203.4 0
1.890 198.9 0
1.980 194.1 0
2.070 189.2 0
2.160 184.1 0
2.250 178.7 0
2.340 173.0 0
2.430 167.1 0
2.520 160.6 0
2.610 153.6 0
2.700 145.7 0
2.790 136.6 0
2.880 125.8 0
2.970 113.3 0
3.060 100.0 0
3.150 87.6 0
3.240 76.6 0
3.330 66.9 0
3.420 58.0 0
3.510 49.4 0
3.600 40.8 0
3.690 31.7 0
3.780 21.7 0
3.870 10.4 0
3.960 -2.6 0
4.050 -16.3 0
4.140 -29.1 0
4.230 -40.3 0
4.320 -50.1 0
4.410 -59.1 0
4.500 -67.7 0
4.590 -76.4 0
4.680 -85.4 0
4.770 -95.1 0
4.860 -106.2 0
4.950 -118.7 0
5.040 -132.1 0
5.130 -144.7 0
5.220 -155.6 0
5.310 -165.1 0
5.400 -173.6 0
5.490 -181.4 0
5.580 -188.9 0
5.670 -196.1 0
5.760 -203.1 0
5.850 -210.1 0
5.940 -216.7 0
6.030 -222.9 0
6.120 -228.7 0
6.210 -234.0 0
6.300 -238.7 0
6.390 -242.9 0
6.480 -246.6 0
6.570 -249.9 0
6.660 -252.9 0
6.750 -255.6 0
6.840 -258.1 0
6.930 -260.3 0
7.020 -262.4 0
7.110 -264.4 0
7.200 -266.1 0
7.380 -269.4 0
7.470 -270.9 0
7.560 -272.3 0
7.740 -274.8 0
7.830 -276.0 0
8.010 -278.2 0
8.100 -279.3 0
8.280 -281.2 0
8.550 -283.8 0
8.730 -285.3 0
9.000 -287.5 1
